1580921207.757194 8575 1425   1426 done\r\n'
1580921208.2691379 8597 1403   1403 done\r\n'
1580921208.777245 8603 1397   1400 done\r\n'
1580921209.2891588 8602 1398   1402 done\r\n'
1580921209.8009999 8604 1396   1399 done\r\n'
1580921210.312934 8605 1395   1398 done\r\n'
1580921210.821034 8605 1395   1398 done\r\n'
1580921211.332903 8604 1396   1400 done\r\n'
1580921211.844853 8602 1398   1403 done\r\n'
1580921212.356765 8603 1397   1402 done\r\n'
1580921212.8648262 8604 1396   1400 done\r\n'
1580921213.376718 8607 1393   1396 done\r\n'
1580921213.888653 8608 1392   1396 done\r\n'
1580921214.400585 8608 1392   1395 done\r\n'
1580921214.908611 8612 1388   1391 done\r\n'
1580921215.4205859 8611 1389   1393 done\r\n'
1580921215.932439 8611 1389   1392 done\r\n'
1580921216.444381 8611 1389   1393 done\r\n'
1580921216.952485 8611 1389   1393 done\r\n'
1580921217.464322 8610 1390   1394 done\r\n'
1580921217.976285 8609 1391   1394 done\r\n'
1580921218.488275 8608 1392   1397 done\r\n'
1580921219.0002 8606 1394   1398 done\r\n'
1580921219.508254 8604 1396   1400 done\r\n'
1580921220.019907 8602 1398   1402 done\r\n'
1580921220.532222 8604 1396   1399 done\r\n'
1580921221.0439749 8606 1394   1398 done\r\n'
1580921221.552029 8606 1394   1398 done\r\n'
1580921222.06396 8608 1392   1396 done\r\n'
1580921222.575882 8609 1391   1395 done\r\n'
1580921223.0877702 8611 1389   1392 done\r\n'
1580921223.595833 8612 1388   1391 done\r\n'
1580921224.107766 8611 1389   1393 done\r\n'
1580921224.619684 8610 1390   1394 done\r\n'
1580921225.1316202 8608 1392   1395 done\r\n'
1580921225.639719 8607 1393   1397 done\r\n'
1580921226.151535 8606 1394   1398 done\r\n'
1580921226.663517 8608 1392   1395 done\r\n'
1580921227.1754189 8608 1392   1396 done\r\n'
1580921227.6835442 8608 1392   1396 done\r\n'
1580921228.1951108 8609 1391   1395 done\r\n'
1580921228.707371 8608 1392   1395 done\r\n'
1580921229.2192 8609 1391   1395 done\r\n'
1580921229.7273731 8610 1390   1394 done\r\n'
1580921230.239209 8609 1391   1395 done\r\n'
1580921230.7511208 8609 1391   1395 done\r\n'
1580921231.263006 8610 1390   1394 done\r\n'
1580921231.771086 8608 1392   1396 done\r\n'
1580921232.282939 8612 1388   1391 done\r\n'
1580921232.794983 8607 1393   1398 done\r\n'
1580921233.3068411 8611 1389   1392 done\r\n'
1580921233.8149052 8610 1390   1394 done\r\n'
1580921234.3267431 8609 1391   1394 done\r\n'
1580921234.838762 8612 1388   1391 done\r\n'
1580921235.350623 8607 1393   1397 done\r\n'
1580921235.858711 8608 1392   1396 done\r\n'
1580921236.3707058 8607 1393   1396 done\r\n'
